NA
8979.6975
36438.86
19302.785
85187.6
39000.62091
40380.624
37312.40667
19676.55
77225.5725
62035.12
71100.61333
43734.28167
70296.38
65192.62889
35705.66143
30134.9325
54742.11333
63106.75941
42469.17727
56646.65588
40301.29429
38175.89667
43763.59031
43264.904
69832.754
52172.47036
38959.08714
9611.9
55868.79211
47303.43
59204.02156
57907.38714
40298.78478
30190.0025
19138.8625
49998.64667
63754.335
75184.16695
42460.36
68252.97875
21408.912
58894.68071
41609.907
43962.089
64868.69143
37367.13
56314.06182
55043.105
56520.03929
77804.2325
48394.635
16084.25571
64931.375
38084.1925
44705.8425
55171.16237
6770.19
38324.8542
68778.275
20732.3775
12548.97
42001.61429
65358.40111
26554.04667
18437.575
39300.29857
53454.9542
65148.496
52495.52167
55064.62947
53709.72
59139.02261
27360.72733
14905.294
41046.98
60392.9275
63932.10581
56018.03857
52808.54778
60835.76385
63104.55167
81651.99667
91771.34583
36366.97545
37830.13909
61752.1145
25182.26269
27861.484
46058.03037
39953.844
53617.76789
9712.403333
52526.94471
35782.54222
64079.89333
60854.764
58783.38444
40474.52455
45614.71214
38650.804
47113.114
40976.1
52691.54333
36728.40423
67535.67
11075.1275
44359.48875
35684.71667
40201.46
34824.45526
46973.23652
26814.14333
28838.08758
27536.552
21313.97609
26834.02625
25056.91667
33455.46333
42243.01071
18787.15929
46860.284
35955.4744
22890.19
43410.6
17941.53
31820.90875
19784.07
33953.642
48306.3
20739.51333
25948.72
12286.07091
42290.198
65252.245
22544.89
