NA
4489.84875
3904.163571
3860.557
3786.115556
3459.7325
3365.052
3292.271176
3279.425
3251.603053
3161.025223
3091.331014
3051.228953
2929.015833
2919.072935
2906.274767
2739.539318
2737.105667
2648.925704
2538.918207
2530.862418
2518.830893
2517.092088
2474.26659
2472.280229
2441.704685
2421.507063
2413.394779
2402.975
2385.409101
2385.046891
2356.378968
2329.607529
2328.824246
2322.307885
2319.862121
2307.629846
2304.373554
2302.129085
2254.532389
2237.802582
2230.095
2228.447378
2225.128717
2198.10445
2183.080962
2180.375795
2165.925455
2150.121289
2110.081467
2109.945288
2104.114565
2084.996111
2059.592863
2058.605
2055.441034
2043.376384
2031.057
2027.770063
2022.890441
2022.670976
2016.79875
2013.776027
2000.767381
1942.979024
1940.797368
1937.338662
1924.917328
1923.676063
1920.567866
1919.68433
1868.164174
1865.840219
1832.191563
1817.71878
1810.896176
1750.519638
1738.823877
1735.071991
1734.587336
1717.404843
1713.245747
1712.978951
1694.240231
1666.819708
1664.52612
1664.47748
1661.77368
1638.910824
1629.838558
1624.14
1622.193615
1618.733889
1614.752369
1586.418128
1578.970678
1572.474522
1558.322415
1556.712483
1548.761447
1493.132605
1490.921329
1484.641304
1480.792787
1469.136169
1468.166739
1429.04871
1411.037416
1390.313636
1370.504318
1347.585845
1340.427345
1318.728361
1309.019106
1274.84037
1253.763299
1212.837345
1165.437984
1123.504366
1109.572514
1082.387778
1060.187421
1056.271281
1040.463182
1016.301672
944.2910526
915.7096043
899.2759091
893.5168947
870.3837838
864.1463889
831.6897436
730.5231351
638.8247432
621.4499524
413.6677064
